0010 01 11 111 001 000 11 01 10 1 0000 01 1 1010 111 11 0 000011 00 1 0000 1 0000 0 01 0100 1 0 010 10 01 1 0 0001 0 010 00000 111 10 111 0010 001100 001100 001100
0010 01 11 111 001 000 11 01 10 1 0000 01 1 1010 111 11 0 000011 00 1 0000 1 0000 0 01 0100 1 0 010 10 01 1 0 0001 0 010 00000 111 10 111 0010 001100 001100 001100
0010 01 11 111 001 000 11 01 10 1 0000 01 1 1010 111 11 0 000011 00 1 0000 1 0000 0 01 0100 1 0 010 10 01 1 0 0001 0 010 00000 111 10 111 0010 001100 001100 001100
0010 01 11 111 001 000 11 01 10 1 0000 01 1 1010 111 11 0 000011 00 1 0000 1 0000 0 01 0100 1 0 010 10 01 1 0 0001 0 010 00000 111 10 111 0010 001100 001100 001100
0010 01 11 111 001 000 11 01 10 1 0000 01 1 1010 111 11 0 000011 00 1 0000 1 0000 0 01 0100 1 0 010 10 01 1 0 0001 0 010 00000 111 10 111 0010 001100 001100 001100
001001111110010001101101000001110101111100000110010000100000010100100101001100001001000000111101110010001100001100001100
001001111110010001101101000001110101111100000110010000100000010100100101001100001001000000111101110010001100001100001100
001001111110010001101101000001110101111100000110010000100000010100100101001100001001000000111101110010001100001100001100
001001111110010001101101000001110101111100000110010000100000010100100101001100001001000000111101110010001100001100001100
001001111110010001101101000001110101111100000110010000100000010100100101001100001001000000111101110010001100001100001100
001001111110010001101101000001110101111100000110010000100000010100100101001100001001000000111101110010001100001100001100
0010 01 11 111 001 000 11 01 10 1 0000 01 1 1010 111 11 0 000011 00 1 0000 1 0000 0 01 0100 1 0 010 10 01 1 0 0001 0 010 00000 111 10 111 0010 001100 001100 001100
0010-01-11-111-001-000-11-01-10-1-0000-01-1-1010-111-11-0-000011-00-1-0000-1-0000-0-01-0100-1-0-010-10-01-1-0-0001-0-010-00000-111-10-111-0010-001100-001100-001100
0010-01-11-111-001-000-11-01-10-1-0000-01-1-1010-111-11-0-000011-00-1-0000-1-0000-0-01-0100-1-0-010-10-01-1-0-0001-0-010-00000-111-10-111-0010-001100-001100-001100
0010-01-11-111-001-000-11-01-10-1-0000-01-1-1010-111-11-0-000011-00-1-0000-1-0000-0-01-0100-1-0-010-10-01-1-0-0001-0-010-00000-111-10-111-0010-001100-001100-001100
